  0.00000000e+00  1.95096300e+00 
 1.00000000e+00  1.94304800e+00 
 2.00000000e+00  1.93518900e+00 
 3.00000000e+00  1.92729700e+00 
 4.00000000e+00  1.91957500e+00 
 5.00000000e+00  1.91167200e+00 
 6.00000000e+00  1.90383700e+00 
 7.00000000e+00  1.89595000e+00 
 8.00000000e+00  1.88853400e+00 
 9.00000000e+00  1.88062100e+00 
 1.00000000e+01  1.87278000e+00 
 1.10000000e+01  1.86489900e+00 
 1.20000000e+01  1.85719700e+00 
 1.30000000e+01  1.84930900e+00 
 1.40000000e+01  1.84148900e+00 
 1.50000000e+01  1.83362300e+00 
 1.60000000e+01  1.82680300e+00 
 1.70000000e+01  1.81888100e+00 
 1.80000000e+01  1.81103400e+00 
 1.90000000e+01  1.80315500e+00 
 2.00000000e+01  1.79545100e+00 
 2.10000000e+01  1.78755300e+00 
 2.20000000e+01  1.77972800e+00 
 2.30000000e+01  1.77185900e+00 
 2.40000000e+01  1.76451700e+00 
 2.50000000e+01  1.75659100e+00 
 2.60000000e+01  1.74875900e+00 
 2.70000000e+01  1.74089400e+00 
 2.80000000e+01  1.73321800e+00 
 2.90000000e+01  1.72533800e+00 
 3.00000000e+01  1.71753200e+00 
 3.10000000e+01  1.70967400e+00 
 3.20000000e+01  1.70394700e+00 
 3.30000000e+01  1.69611100e+00 
 3.40000000e+01  1.68826400e+00 
 3.50000000e+01  1.68039700e+00 
 3.60000000e+01  1.67265900e+00 
 3.70000000e+01  1.66477800e+00 
 3.80000000e+01  1.65695200e+00 
 3.90000000e+01  1.64910000e+00 
 4.00000000e+01  1.64167000e+00 
 4.10000000e+01  1.63378400e+00 
 4.20000000e+01  1.62595000e+00 
 4.30000000e+01  1.61808200e+00 
 4.40000000e+01  1.61040100e+00 
 4.50000000e+01  1.60251700e+00 
 4.60000000e+01  1.59470800e+00 
 4.70000000e+01  1.58685300e+00 
 4.80000000e+01  1.58010800e+00 
 4.90000000e+01  1.57221700e+00 
 5.00000000e+01  1.56436700e+00 
 5.10000000e+01  1.55648800e+00 
 5.20000000e+01  1.54880400e+00 
 5.30000000e+01  1.54092800e+00 
 5.40000000e+01  1.53311400e+00 
 5.50000000e+01  1.52527300e+00 
 5.60000000e+01  1.51786600e+00 
 5.70000000e+01  1.51001400e+00 
 5.80000000e+01  1.50219800e+00 
 5.90000000e+01  1.49434700e+00 
 6.00000000e+01  1.48668100e+00 
 6.10000000e+01  1.47881800e+00 
 6.20000000e+01  1.47102500e+00 
 6.30000000e+01  1.46318500e+00 
 6.40000000e+01  1.45979200e+00 
 6.50000000e+01  1.45201100e+00 
 6.60000000e+01  1.44416500e+00 
 6.70000000e+01  1.43629900e+00 
 6.80000000e+01  1.42857200e+00 
 6.90000000e+01  1.42068400e+00 
 7.00000000e+01  1.41285700e+00 
 7.10000000e+01  1.40500400e+00 
 7.20000000e+01  1.39756500e+00 
 7.30000000e+01  1.38967900e+00 
 7.40000000e+01  1.38184600e+00 
 7.50000000e+01  1.37397800e+00 
 7.60000000e+01  1.36629500e+00 
 7.70000000e+01  1.35841100e+00 
 7.80000000e+01  1.35060100e+00 
 7.90000000e+01  1.34274400e+00 
 8.00000000e+01  1.33597100e+00 
 8.10000000e+01  1.32805400e+00 
 8.20000000e+01  1.32021800e+00 
 8.30000000e+01  1.31234900e+00 
 8.40000000e+01  1.30465500e+00 
 8.50000000e+01  1.29676800e+00 
 8.60000000e+01  1.28895300e+00 
 8.70000000e+01  1.28109400e+00 
 8.80000000e+01  1.27372600e+00 
 8.90000000e+01  1.26584500e+00 
 9.00000000e+01  1.25802700e+00 
 9.10000000e+01  1.25017000e+00 
 9.20000000e+01  1.24250100e+00 
 9.30000000e+01  1.23463800e+00 
 9.40000000e+01  1.22684300e+00 
 9.50000000e+01  1.21900100e+00 
 9.60000000e+01  1.21342200e+00 
 9.70000000e+01  1.20560100e+00 
 9.80000000e+01  1.19776300e+00 
 9.90000000e+01  1.18989700e+00 
 1.00000000e+02  1.18220100e+00 
 1.01000000e+02  1.17432500e+00 
 1.02000000e+02  1.16650700e+00 
 1.03000000e+02  1.15865000e+00 
 1.04000000e+02  1.15125700e+00 
 1.05000000e+02  1.14338500e+00 
 1.06000000e+02  1.13556400e+00 
 1.07000000e+02  1.12771800e+00 
 1.08000000e+02  1.12003000e+00 
 1.09000000e+02  1.11216500e+00 
 1.10000000e+02  1.10436800e+00 
 1.11000000e+02  1.09652400e+00 
 1.12000000e+02  1.08979800e+00 
 1.13000000e+02  1.08192700e+00 
 1.14000000e+02  1.07410700e+00 
 1.15000000e+02  1.06625300e+00 
 1.16000000e+02  1.05857800e+00 
 1.17000000e+02  1.05070500e+00 
 1.18000000e+02  1.04290700e+00 
 1.19000000e+02  1.03506100e+00 
 1.20000000e+02  1.02773900e+00 
 1.21000000e+02  1.01986000e+00 
 1.22000000e+02  1.01205700e+00 
 1.23000000e+02  1.00421900e+00 
 1.24000000e+02  9.96576100e-01 
 1.25000000e+02  9.88728900e-01 
 1.26000000e+02  9.80943700e-01 
 1.27000000e+02  9.73118600e-01 
 1.28000000e+02  9.74903300e-01 
 1.29000000e+02  9.67009500e-01 
 1.30000000e+02  9.59167900e-01 
 1.31000000e+02  9.51285500e-01 
 1.32000000e+02  9.43578700e-01 
 1.33000000e+02  9.35707500e-01 
 1.34000000e+02  9.27878900e-01 
 1.35000000e+02  9.20013600e-01 
 1.36000000e+02  9.12641300e-01 
 1.37000000e+02  9.04724600e-01 
 1.38000000e+02  8.96891300e-01 
 1.39000000e+02  8.89043100e-01 
 1.40000000e+02  8.81350400e-01 
 1.41000000e+02  8.73476400e-01 
 1.42000000e+02  8.65670300e-01 
 1.43000000e+02  8.57836300e-01 
 1.44000000e+02  8.50992800e-01 
 1.45000000e+02  8.43120700e-01 
 1.46000000e+02  8.35290300e-01 
 1.47000000e+02  8.27425900e-01 
 1.48000000e+02  8.19738000e-01 
 1.49000000e+02  8.11855200e-01 
 1.50000000e+02  8.04046000e-01 
 1.51000000e+02  7.96191900e-01 
 1.52000000e+02  7.88831800e-01 
 1.53000000e+02  7.80951000e-01 
 1.54000000e+02  7.73137500e-01 
 1.55000000e+02  7.65286000e-01 
 1.56000000e+02  7.57633800e-01 
 1.57000000e+02  7.49771200e-01 
 1.58000000e+02  7.41974500e-01 
 1.59000000e+02  7.34135400e-01 
 1.60000000e+02  7.28523500e-01 
 1.61000000e+02  7.20687900e-01 
 1.62000000e+02  7.12857600e-01 
 1.63000000e+02  7.04990700e-01 
 1.64000000e+02  6.97301300e-01 
 1.65000000e+02  6.89444800e-01 
 1.66000000e+02  6.81616700e-01 
 1.67000000e+02  6.73755900e-01 
 1.68000000e+02  6.66379500e-01 
 1.69000000e+02  6.58505700e-01 
 1.70000000e+02  6.50675600e-01 
 1.71000000e+02  6.42843900e-01 
 1.72000000e+02  6.35164200e-01 
 1.73000000e+02  6.27299300e-01 
 1.74000000e+02  6.19498700e-01 
 1.75000000e+02  6.11658600e-01 
 1.76000000e+02  6.04948700e-01 
 1.77000000e+02  5.97060400e-01 
 1.78000000e+02  5.89236500e-01 
 1.79000000e+02  5.81380900e-01 
 1.80000000e+02  5.73714600e-01 
 1.81000000e+02  5.65845200e-01 
 1.82000000e+02  5.58049600e-01 
 1.83000000e+02  5.50207800e-01 
 1.84000000e+02  5.42885700e-01 
 1.85000000e+02  5.35009400e-01 
 1.86000000e+02  5.27209400e-01 
 1.87000000e+02  5.19373600e-01 
 1.88000000e+02  5.11724500e-01 
 1.89000000e+02  5.03878700e-01 
 1.90000000e+02  4.96101200e-01 
 1.91000000e+02  4.88277100e-01 
 1.92000000e+02  4.85375500e-01 
 1.93000000e+02  4.77508300e-01 
 1.94000000e+02  4.69683700e-01 
 1.95000000e+02  4.61818200e-01 
 1.96000000e+02  4.54131300e-01 
 1.97000000e+02  4.46251700e-01 
 1.98000000e+02  4.38444900e-01 
 1.99000000e+02  4.30594500e-01 
 2.00000000e+02  4.23246300e-01 
 2.01000000e+02  4.15339100e-01 
 2.02000000e+02  4.07521800e-01 
 2.03000000e+02  3.99674700e-01 
 2.04000000e+02  3.92018300e-01 
 2.05000000e+02  3.84145200e-01 
 2.06000000e+02  3.76359000e-01 
 2.07000000e+02  3.68521500e-01 
 2.08000000e+02  3.61784400e-01 
 2.09000000e+02  3.53891900e-01 
 2.10000000e+02  3.46077200e-01 
 2.11000000e+02  3.38220200e-01 
 2.12000000e+02  3.30553900e-01 
 2.13000000e+02  3.22682500e-01 
 2.14000000e+02  3.14895500e-01 
 2.15000000e+02  3.07059300e-01 
 2.16000000e+02  2.99691200e-01 
 2.17000000e+02  2.91842900e-01 
 2.18000000e+02  2.84043900e-01 
 2.19000000e+02  2.76208200e-01 
 2.20000000e+02  2.68532800e-01 
 2.21000000e+02  2.60714300e-01 
 2.22000000e+02  2.52937600e-01 
 2.23000000e+02  2.45114300e-01 
 2.24000000e+02  2.39639100e-01 
 2.25000000e+02  2.31854700e-01 
 2.26000000e+02  2.24033500e-01 
 2.27000000e+02  2.16175200e-01 
 2.28000000e+02  2.08516800e-01 
 2.29000000e+02  2.00651400e-01 
 2.30000000e+02  1.92859800e-01 
 2.31000000e+02  1.85033000e-01 
 2.32000000e+02  1.77648600e-01 
 2.33000000e+02  1.69796100e-01 
 2.34000000e+02  1.61996500e-01 
 2.35000000e+02  1.54159500e-01 
 2.36000000e+02  1.46516500e-01 
 2.37000000e+02  1.38669200e-01 
 2.38000000e+02  1.30892500e-01 
 2.39000000e+02  1.23085600e-01 
 2.40000000e+02  1.16406800e-01 
 2.41000000e+02  1.08544900e-01 
 2.42000000e+02  1.00732700e-01 
 2.43000000e+02  9.28881200e-02 
 2.44000000e+02  8.52331200e-02 
 2.45000000e+02  7.73875800e-02 
 2.46000000e+02  6.96085500e-02 
 2.47000000e+02  6.17826400e-02 
 2.48000000e+02  5.44846500e-02 
 2.49000000e+02  4.66259200e-02 
 2.50000000e+02  3.88426700e-02 
 2.51000000e+02  3.10180700e-02 
 2.52000000e+02  2.34006100e-02 
 2.53000000e+02  1.55620800e-02 
 2.54000000e+02  7.80039300e-03 
 2.55000000e+02  8.67435600e-07 
